     1    895     85


 1

     1    202    -1.4253050743   0.240435101457     215.1894  AAAAA
     2      4    -5.6293174549   0.003591025528       3.2140  AAAAC
     3     15    -4.3522905863   0.012877282246      11.5252  AAAAG
     4      1    -5.8910704931   0.002764016252       2.4738  AAAAT
     5      4    -6.0424093142   0.002375827897       2.1264  AAACA
     6      2    -6.9465014484   0.000961994862       0.8610  AAACC
     7      1    -7.3772991722   0.000625287401       0.5596  AAACG
     8     13    -4.5471049324   0.010597841482       9.4851  AAAGA
     9      3    -5.6078715863   0.003668869926       3.2836  AAAGG
    10      4    -6.3041623525   0.001828677314       1.6367  AAATA
    11      2    -7.5041003456   0.000550821176       0.4930  AACAA
    12      9    -5.4620843132   0.004244699236       3.7990  AAGAA
    13      2    -6.7360914721   0.001187278611       1.0626  AAGAG
    14      1   -11.2025961680   0.000013638742       0.0122  ACATC
    15      4    -5.6052374027   0.003678547144       3.2923  AGAAA
    16      1    -7.9317489078   0.000359157730       0.3214  AGAAC
    17      1    -8.1935019461   0.000276444095       0.2474  AGAAT
    18      1    -8.3288129434   0.000241458500       0.2161  AGACA
    19      1    -6.7396096884   0.001183108848       1.0589  AGGAA
    20      1    -7.8317769497   0.000396919547       0.3552  ATAAA
    21      1   -10.4054343275   0.000030267551       0.0271  ATAAT
    22      1   -10.3751939881   0.000031196833       0.0279  CAAAT
    23      3    -8.4146445354   0.000221598242       0.1983  CCAAA
    24      1    -8.6200304959   0.000180454751       0.1615  CCACT
    25      2    -7.1046579659   0.000821270550       0.7350  CCCAA
    26      5    -6.4967412247   0.001508346555       1.3500  CCCAC
    27      5    -6.0849648410   0.002276844374       2.0378  CCCCA
    28    184    -1.5016580099   0.222760514663     199.3707  CCCCC
    29      4    -7.1651238027   0.000773083262       0.6919  CCCCG
    30     24    -3.9031129312   0.020178997741      18.0602  CCCCT
    31     14    -4.1338855604   0.016020509075      14.3384  CCCTC
    32      3    -4.6241435311   0.009812055158       8.7818  CCCTT
    33      1    -8.2501942884   0.000261207803       0.2338  CCTAA
    34      2    -7.3839428442   0.000621146966       0.5559  CCTCA
    35      8    -5.1089795715   0.006042245458       5.4078  CCTCC
    36      3    -5.6812476415   0.003409302202       3.0513  CCTCT
    37      1    -9.3721639240   0.000085059128       0.0761  CCTGA
    38      1   -10.3338741880   0.000032512882       0.0291  CCTGG
    39      4    -5.7018437852   0.003339801900       2.9891  CCTTC
    40      1    -5.7335586718   0.003235542488       2.8958  CCTTT
    41      3    -7.5610461419   0.000520330619       0.4657  CTCCA
    42     11    -5.2439017199   0.005279617010       4.7253  CTCCC
    43      2    -5.8937055719   0.002756742439       2.4673  CTCCT
    44      1    -7.8923865906   0.000373576935       0.3344  CTCTA
    45      2    -5.9610394315   0.002577231724       2.3066  CTCTC
    46      1    -6.2419870875   0.001945984836       1.7417  CTCTT
    47      8    -6.0034964191   0.002470100554       2.2107  CTTCC
    48      1    -5.8258736432   0.002950225582       2.6405  CTTTT
    49      7    -5.7348686617   0.003231306735       2.8920  GAAAA
    50      1    -8.0235897870   0.000327641745       0.2932  GAAAC
    51      1    -8.2853428253   0.000252186207       0.2257  GAAAT
    52      1    -9.5259881249   0.000072931630       0.0653  GAACG
    53      1    -7.1104279890   0.000816545445       0.7308  GAAGA
    54      2    -6.5900504879   0.001373970593       1.2297  GAGAA
    55      1    -9.3547956798   0.000086549359       0.0775  GAGGC
    56      3    -6.0106333566   0.002452534360       2.1950  GGAAA
    57      5    -5.2577810756   0.005206845506       4.6601  GGGAA
    58      2    -5.4356545677   0.004358381232       3.9008  GGGAG
    59      1    -8.2323650583   0.000265906701       0.2380  GGGCG
    60     71    -2.7141429681   0.066261717083      59.3042  GGGGG
    61      1    -9.5341363261   0.000072339783       0.0647  TAAGA
    62      8    -5.3801300642   0.004607222656       4.1235  TCCCC
    63      4    -5.9908367058   0.002501570096       2.2389  TCCCT
    64      1    -7.9610142126   0.000348799181       0.3122  TCCTA
    65      1    -6.0467377332   0.002365566542       2.1172  TCCTC
    66      1    -6.3094082919   0.001819109303       1.6281  TCCTT
    67      1    -8.1680339104   0.000283575003       0.2538  TCTAC
    68      1    -7.8178608298   0.000402481740       0.3602  TCTCA
    69      2    -5.9153583497   0.002697692908       2.4144  TCTCC
    70      1    -5.9986575335   0.002482082053       2.2215  TCTTC
    71      3    -5.6604066764   0.003481100929       3.1156  TCTTT
    72      1    -8.3953864863   0.000225907149       0.2022  TTCAA
    73      3    -5.4379470029   0.004348401368       3.8918  TTCCC
    74      3    -5.8235510108   0.002957085835       2.6466  TTCCT
    75      3    -5.7737128137   0.003108195912       2.7818  TTCTC
    76      3    -5.5303700239   0.003964521850       3.5482  TTCTT
    77      1    -7.5607408275   0.000520489508       0.4658  TTTAA
    78      2    -7.1118481931   0.000815386607       0.7298  TTTAT
    79      1    -6.9695826333   0.000940045168       0.8413  TTTCA
    80     12    -4.5635631027   0.010424847886       9.3302  TTTCC
    81     10    -4.3983755908   0.012297299534      11.0061  TTTCT
    82      1    -6.6762132514   0.001260542303       1.1282  TTTTA
    83      9    -4.1180320727   0.016276513942      14.5675  TTTTC
    84      1    -7.7563722130   0.000428006484       0.3831  TTTTG
    85    156    -1.8280942337   0.160719570032     143.8440  TTTTT